3
1
2
2
1
0.421496
3
0
0.578504
4
1
3
2
1
0.143251
3
0
0.196936
4
0
0.659813
4
2
4
2
1
0.140909
2
2
0.292469
3
0
0.193653
4
0
0.372969
5
1
4
2
1
0.04891
3
0
0.067686
4
0
0.223644
5
0
0.65976
5
2
5
2
1
0.048217
3
0
0.066097
3
2
0.292793
4
0
0.221572
5
0
0.371321
6
1
5
2
1
0.016793
3
0
0.022878
4
0
0.076587
5
0
0.223813
6
0
0.659929
6
2
6
2
1
0.057273
2
2
0.085498
3
0
0.079525
4
0
0.184463
5
0
0.221082
6
0
0.372159
6
3
7
2
1
0.048059
2
2
0.077505
3
0
0.06583
3
3
0.383014
4
0
0.147013
5
0
0.141452
6
0
0.137127
7
1
6
2
1
0.005557
3
0
0.00782
4
0
0.026185
5
0
0.07647
6
0
0.223711
7
0
0.660257
7
2
7
2
1
0.0197
3
0
0.026971
3
2
0.085195
4
0
0.090545
5
0
0.184761
6
0
0.221659
7
0
0.371169
7
3
8
2
1
0.016322
3
0
0.022388
3
2
0.07754
4
0
0.07518
4
3
0.383317
5
0
0.145956
6
0
0.141929
7
0
0.137368
7
4
9
2
1
0.01313
2
2
0.018401
3
0
0.017779
4
0
0.043236
4
4
0.38327
5
0
0.058014
5
3
0.264187
6
0
0.111065
7
0
0.090918
8
1
7
2
1
0.001887
3
0
0.00266
4
0
0.008709
5
0
0.026113
6
0
0.076027
7
0
0.224424
8
0
0.66018
8
2
8
2
1
0.018821
2
2
0.025276
3
0
0.025771
4
0
0.062471
5
0
0.090247
6
0
0.184097
7
0
0.221543
8
0
0.371774
8
3
9
2
1
0.016503
2
2
0.02275
3
0
0.022582
4
0
0.054212
5
0
0.074935
5
3
0.383164
6
0
0.146233
7
0
0.142124
8
0
0.137497
8
4
11
2
1
0.017132
2
2
0.020795
3
0
0.023726
3
2
0.01855
3
3
0.10116
4
0
0.059589
5
0
0.080735
5
4
0.382893
6
0
0.094375
7
0
0.110512
8
0
0.090533
9
1
8
2
1
0.000648
3
0
0.000894
4
0
0.002913
5
0
0.008914
6
0
0.025994
7
0
0.076802
8
0
0.224554
9
0
0.659281
9
2
9
2
1
0.006286
3
0
0.008979
3
2
0.025048
4
0
0.029662
5
0
0.062244
6
0
0.090954
7
0
0.183907
8
0
0.221045
9
0
0.371875
9
3
11
2
1
0.024207
2
2
0.029597
3
0
0.032748
3
2
0.022872
3
3
0.146926
4
0
0.081972
5
0
0.107975
6
0
0.128027
7
0
0.146464
8
0
0.142121
9
0
0.137091
9
4
12
2
1
0.008392
2
2
0.005406
3
0
0.011725
3
2
0.020413
4
0
0.033612
4
3
0.101386
5
0
0.059901
6
0
0.081146
6
4
0.382818
7
0
0.094456
8
0
0.110783
9
0
0.089962
9
5
13
2
1
0.00787
2
2
0.009594
3
0
0.011044
3
2
0.003357
4
0
0.027043
4
4
0.101294
5
0
0.03996
5
3
0.152143
6
0
0.073089
6
5
0.383935
7
0
0.080028
8
0
0.059617
9
0
0.051026
10
1
9
2
1
0.000205
3
0
0.00029
4
0
0.001001
5
0
0.002916
6
0
0.008764
7
0
0.02576
8
0
0.076378
9
0
0.225201
10
0
0.659485
10
2
10
2
1
0.005768
2
2
0.007256
3
0
0.007814
4
0
0.019463
5
0
0.02933
6
0
0.062798
7
0
0.090502
8
0
0.183915
9
0
0.221662
10
0
0.371492
10
3
12
2
1
0.011338
2
2
0.006367
3
0
0.015449
3
2
0.029748
4
0
0.045765
4
3
0.146977
5
0
0.082115
6
0
0.108735
7
0
0.127632
8
0
0.146395
9
0
0.141513
10
0
0.137966
10
4
13
2
1
0.01055
2
2
0.013041
3
0
0.01508
3
2
0.005486
4
0
0.037282
4
4
0.147078
5
0
0.055983
5
3
0.202937
6
0
0.101659
7
0
0.114972
8
0
0.094358
9
0
0.110654
10
0
0.09092
10
5
14
2
1
0.010544
2
2
0.01291
3
0
0.014504
3
2
0.009658
3
3
0.058404
4
0
0.035939
5
0
0.048464
5
4
0.100962
6
0
0.061199
7
0
0.073101
7
5
0.383411
8
0
0.079526
9
0
0.060185
10
0
0.051193
11
1
10
2
1
7.7e-05
3
0
0.0001
4
0
0.000352
5
0
0.001049
6
0
0.003069
7
0
0.008841
8
0
0.026054
9
0
0.07659
10
0
0.22431
11
0
0.659558
11
2
11
2
1
0.001892
3
0
0.002684
3
2
0.007268
4
0
0.008959
5
0
0.019216
6
0
0.029583
7
0
0.062612
8
0
0.09055
9
0
0.184189
10
0
0.221089
11
0
0.371958
11
3
13
2
1
0.007934
2
2
0.008677
3
0
0.011017
3
2
0.006595
4
0
0.028958
5
0
0.045704
5
3
0.146349
6
0
0.082761
7
0
0.108123
8
0
0.127518
9
0
0.147108
10
0
0.141699
11
0
0.137557
11
4
14
2
1
0.014186
2
2
0.017001
3
0
0.019473
3
2
0.013194
3
3
0.07791
4
0
0.048556
5
0
0.066193
5
4
0.146646
6
0
0.083498
7
0
0.101518
8
0
0.115494
9
0
0.094165
10
0
0.111262
11
0
0.090904
11
5
15
2
1
0.004943
2
2
0.002884
3
0
0.006723
3
2
0.012742
4
0
0.019934
4
3
0.058039
5
0
0.036361
6
0
0.048279
6
4
0.101728
7
0
0.060727
8
0
0.073173
8
5
0.383407
9
0
0.079936
10
0
0.060108
11
0
0.051016
11
6
16
2
1
0.005461
2
2
0.006446
3
0
0.007561
3
2
0.003035
4
0
0.019261
4
4
0.058148
5
0
0.028909
5
3
0.103955
6
0
0.052752
6
5
0.101263
7
0
0.060549
8
0
0.05365
8
6
0.383555
9
0
0.057757
10
0
0.038964
11
0
0.018734
12
1
11
2
1
2.3e-05
3
0
3.6e-05
4
0
0.000105
5
0
0.000354
6
0
0.00101
7
0
0.003047
8
0
0.008983
9
0
0.026088
10
0
0.076629
11
0
0.224364
12
0
0.659361
12
2
12
2
1
0.001697
2
2
0.001992
3
0
0.002392
4
0
0.005753
5
0
0.008893
6
0
0.019312
7
0
0.029743
8
0
0.062783
9
0
0.090167
10
0
0.184335
11
0
0.221336
12
0
0.371597
12
3
14
2
1
0.010654
2
2
0.013397
3
0
0.014714
3
2
0.008638
3
3
0.056056
4
0
0.036775
5
0
0.04971
6
0
0.066559
7
0
0.081879
8
0
0.108331
9
0
0.127416
10
0
0.14677
11
0
0.141282
12
0
0.137819
12
4
15
2
1
0.006567
2
2
0.003835
3
0
0.009062
3
2
0.017214
4
0
0.027322
4
3
0.077686
5
0
0.048496
6
0
0.066114
6
4
0.146787
7
0
0.083978
8
0
0.101781
9
0
0.114965
10
0
0.094958
11
0
0.110466
12
0
0.090769
12
5
16
2
1
0.007947
2
2
0.00917
3
0
0.010949
3
2
0.004156
4
0
0.027393
4
4
0.077515
5
0
0.041209
5
3
0.143965
6
0
0.075316
6
5
0.146869
7
0
0.088546
8
0
0.083948
9
0
0.092463
10
0
0.079399
11
0
0.060075
12
0
0.05108
12
6
17
2
1
0.007223
2
2
0.008828
3
0
0.010127
3
2
0.006611
3
3
0.040009
4
0
0.024905
5
0
0.033849
5
4
0.058178
6
0
0.04304
7
0
0.052604
7
5
0.101336
8
0
0.060964
9
0
0.054061
9
6
0.382798
10
0
0.057534
11
0
0.038934
12
0
0.018999
12
7
18
2
1
0.001942
2
2
0.001181
3
0
0.002691
3
2
0.005052
4
0
0.008007
4
3
0.023428
5
0
0.014267
6
0
0.019422
6
4
0.042402
7
0
0.024721
8
0
0.029872
8
5
0.081984
9
0
0.03318
9
7
0.382273
10
0
0.025919
10
6
0.265226
11
0
0.026038
12
0
0.012395
13
1
12
2
1
1e-05
3
0
1.3e-05
4
0
4.7e-05
5
0
0.000114
6
0
0.000341
7
0
0.001072
8
0
0.003004
9
0
0.008808
10
0
0.025881
11
0
0.076004
12
0
0.224374
13
0
0.660332
13
2
13
2
1
0.000591
3
0
0.00079
3
2
0.002096
4
0
0.002563
5
0
0.005758
6
0
0.008954
7
0
0.019193
8
0
0.029205
9
0
0.062194
10
0
0.090768
11
0
0.184008
12
0
0.221477
13
0
0.372403
13
3
15
2
1
0.004962
2
2
0.00256
3
0
0.006637
3
2
0.013331
4
0
0.019937
4
3
0.05637
5
0
0.036599
6
0
0.049971
7
0
0.066674
8
0
0.081308
9
0
0.108557
10
0
0.127469
11
0
0.146744
12
0
0.140765
13
0
0.138116
13
4
16
2
1
0.006664
2
2
0.007894
3
0
0.009012
3
2
0.003853
4
0
0.023018
4
4
0.05639
5
0
0.035733
5
3
0.115677
6
0
0.065212
7
0
0.079458
8
0
0.083836
9
0
0.102024
10
0
0.115233
11
0
0.094699
12
0
0.111058
13
0
0.090239
13
5
17
2
1
0.010325
2
2
0.012389
3
0
0.013827
3
2
0.009398
3
3
0.055122
4
0
0.034802
5
0
0.047437
5
4
0.078028
6
0
0.06102
7
0
0.07518
7
5
0.146565
8
0
0.088696
9
0
0.083905
10
0
0.093035
11
0
0.080002
12
0
0.059502
13
0
0.050767
13
6
18
2
1
0.00348
2
2
0.001927
3
0
0.004704
3
2
0.008784
4
0
0.014082
4
3
0.039901
5
0
0.025161
6
0
0.033911
6
4
0.05813
7
0
0.042993
8
0
0.052729
8
5
0.101437
9
0
0.060678
10
0
0.053903
10
6
0.382686
11
0
0.057435
12
0
0.039159
13
0
0.0189
13
7
19
2
1
0.004074
2
2
0.004832
3
0
0.005701
3
2
0.002185
4
0
0.014235
4
4
0.039599
5
0
0.021481
5
3
0.074457
6
0
0.038834
6
5
0.058511
7
0
0.04584
8
0
0.043591
8
6
0.100872
9
0
0.048765
10
0
0.043466
10
7
0.383845
11
0
0.031078
12
0
0.026131
13
0
0.012503
14
1
13
2
1
4e-06
3
0
4e-06
4
0
8e-06
5
0
4.6e-05
6
0
0.000102
7
0
0.000305
8
0
0.001005
9
0
0.003025
10
0
0.008956
11
0
0.026199
12
0
0.076344
13
0
0.224341
14
0
0.659661
14
2
14
2
1
0.000506
2
2
0.000609
3
0
0.00069
4
0
0.001682
5
0
0.002682
6
0
0.005738
7
0
0.008964
8
0
0.019127
9
0
0.029455
10
0
0.062608
11
0
0.091037
12
0
0.183933
13
0
0.220914
14
0
0.372055
14
3
16
2
1
0.003669
2
2
0.004025
3
0
0.004822
3
2
0.002523
4
0
0.012631
5
0
0.019966
5
3
0.056132
6
0
0.036459
7
0
0.049296
8
0
0.066006
9
0
0.082559
10
0
0.108036
11
0
0.127775
12
0
0.146348
13
0
0.141606
14
0
0.138147
14
4
17
2
1
0.008292
2
2
0.010213
3
0
0.011555
3
2
0.007874
3
3
0.044479
4
0
0.028992
5
0
0.039321
5
4
0.055656
6
0
0.051423
7
0
0.065066
8
0
0.079295
9
0
0.083885
10
0
0.1017
11
0
0.115452
12
0
0.094736
13
0
0.11101
14
0
0.091051
14
5
18
2
1
0.004761
2
2
0.002692
3
0
0.006574
3
2
0.012451
4
0
0.019278
4
3
0.055049
5
0
0.034947
6
0
0.047326
6
4
0.078141
7
0
0.060481
8
0
0.074907
8
5
0.146851
9
0
0.088795
10
0
0.084169
11
0
0.092638
12
0
0.080098
13
0
0.05982
14
0
0.051022
14
6
19
2
1
0.006153
2
2
0.007094
3
0
0.008383
3
2
0.003428
4
0
0.021251
4
4
0.055369
5
0
0.032807
5
3
0.110037
6
0
0.059344
6
5
0.077415
7
0
0.070255
8
0
0.069933
8
6
0.147251
9
0
0.079491
10
0
0.075921
11
0
0.060662
12
0
0.057258
13
0
0.038957
14
0
0.018991
14
7
20
2
1
0.00532
2
2
0.006504
3
0
0.007275
3
2
0.00478
3
3
0.028273
4
0
0.017736
5
0
0.024439
5
4
0.039917
6
0
0.031564
7
0
0.038815
7
5
0.058496
8
0
0.045333
9
0
0.043852
9
6
0.10102
10
0
0.049077
11
0
0.043537
11
7
0.384103
12
0
0.031012
13
0
0.026279
14
0
0.012668
14
8
21
2
1
0.001956
2
2
0.001082
3
0
0.00268
3
2
0.004986
4
0
0.007718
4
3
0.022364
5
0
0.014174
6
0
0.018978
6
4
0.034021
7
0
0.024198
8
0
0.02956
8
5
0.063906
9
0
0.033999
9
7
0.100932
10
0
0.029902
10
6
0.15239
11
0
0.032096
11
8
0.383154
12
0
0.02236
13
0
0.01251
14
0
0.007034
15
1
14
2
1
1e-06
3
0
2e-06
4
0
2e-06
5
0
7e-06
6
0
4.6e-05
7
0
0.000114
8
0
0.000331
9
0
0.001015
10
0
0.003068
11
0
0.008791
12
0
0.025789
13
0
0.076438
14
0
0.225192
15
0
0.659204
15
2
15
2
1
0.000164
3
0
0.000234
3
2
0.000672
4
0
0.000827
5
0
0.00169
6
0
0.002649
7
0
0.005804
8
0
0.008978
9
0
0.01956
10
0
0.029459
11
0
0.062135
12
0
0.090449
13
0
0.184457
14
0
0.221766
15
0
0.371156
15
3
17
2
1
0.004361
2
2
0.005029
3
0
0.005755
3
2
0.003988
3
3
0.021406
4
0
0.014746
5
0
0.020559
6
0
0.027821
7
0
0.036683
8
0
0.049347
9
0
0.066278
10
0
0.082074
11
0
0.108604
12
0
0.12783
13
0
0.146961
14
0
0.141169
15
0
0.137389
15
4
18
2
1
0.003951
2
2
0.00226
3
0
0.005395
3
2
0.0102
4
0
0.016171
4
3
0.044911
5
0
0.028807
6
0
0.039828
6
4
0.056315
7
0
0.051563
8
0
0.064725
9
0
0.079256
10
0
0.083771
11
0
0.101727
12
0
0.115363
13
0
0.094634
14
0
0.110454
15
0
0.090669
15
5
19
2
1
0.005614
2
2
0.006338
3
0
0.007691
3
2
0.003235
4
0
0.019423
4
4
0.044626
5
0
0.029943
5
3
0.097222
6
0
0.05438
6
5
0.056134
7
0
0.0664
8
0
0.069861
9
0
0.08244
10
0
0.088653
11
0
0.08412
12
0
0.092645
13
0
0.079956
14
0
0.060009
15
0
0.05131
15
6
20
2
1
0.007849
2
2
0.009605
3
0
0.010708
3
2
0.007087
3
3
0.042438
4
0
0.027129
5
0
0.036914
5
4
0.055087
6
0
0.047673
7
0
0.05898
7
5
0.077653
8
0
0.0707
9
0
0.070192
9
6
0.146466
10
0
0.0795
11
0
0.075645
12
0
0.06114
13
0
0.057513
14
0
0.038739
15
0
0.018982
15
7
21
2
1
0.003129
2
2
0.001807
3
0
0.00434
3
2
0.00836
4
0
0.013059
4
3
0.037414
5
0
0.023564
6
0
0.032069
6
4
0.056197
7
0
0.041109
8
0
0.050215
8
5
0.089475
9
0
0.05855
9
7
0.147286
10
0
0.053461
10
6
0.203309
11
0
0.05909
12
0
0.048152
13
0
0.030828
14
0
0.026099
15
0
0.012487
15
8
22
2
1
0.003218
2
2
0.003667
3
0
0.004462
3
2
0.001774
4
0
0.010907
4
4
0.028545
5
0
0.016954
5
3
0.056668
6
0
0.030204
6
5
0.040178
7
0
0.036449
8
0
0.035975
8
6
0.058774
9
0
0.041702
10
0
0.039964
10
7
0.101434
11
0
0.032942
12
0
0.032107
12
8
0.382363
13
0
0.022559
14
0
0.01236
15
0
0.006794
16
1
13
4
0
1e-06
5
0
1e-06
6
0
1e-05
7
0
3.9e-05
8
0
0.000111
9
0
0.000343
10
0
0.001064
11
0
0.002982
12
0
0.00889
13
0
0.026062
14
0
0.076298
15
0
0.22491
16
0
0.659289
16
2
16
2
1
0.00016
2
2
0.00019
3
0
0.000203
4
0
0.000491
5
0
0.000746
6
0
0.001677
7
0
0.00268
8
0
0.005908
9
0
0.008947
10
0
0.019392
11
0
0.029297
12
0
0.06277
13
0
0.090795
14
0
0.183894
15
0
0.221765
16
0
0.371085
16
3
18
2
1
0.00204
2
2
0.001139
3
0
0.002681
3
2
0.00504
4
0
0.007992
4
3
0.021755
5
0
0.014899
6
0
0.020498
7
0
0.02761
8
0
0.036733
9
0
0.049461
10
0
0.065769
11
0
0.081898
12
0
0.108313
13
0
0.127599
14
0
0.146964
15
0
0.141785
16
0
0.137824
16
4
19
2
1
0.003554
2
2
0.004084
3
0
0.00481
3
2
0.002286
4
0
0.012402
4
4
0.021578
5
0
0.019421
5
3
0.05956
6
0
0.034953
7
0
0.044602
8
0
0.051529
9
0
0.064896
10
0
0.07943
11
0
0.083745
12
0
0.101902
13
0
0.11575
14
0
0.094358
15
0
0.110782
16
0
0.090358
16
5
20
2
1
0.007054
2
2
0.008516
3
0
0.009756
3
2
0.006404
3
3
0.037489
4
0
0.024378
5
0
0.033332
5
4
0.04462
6
0
0.04349
7
0
0.054146
7
5
0.056082
8
0
0.066048
9
0
0.069479
10
0
0.083013
11
0
0.088834
12
0
0.084027
13
0
0.093101
14
0
0.079494
15
0
0.059659
16
0
0.051078
16
6
21
2
1
0.003689
2
2
0.002057
3
0
0.004992
3
2
0.009593
4
0
0.014996
4
3
0.042492
5
0
0.02718
6
0
0.036811
6
4
0.054745
7
0
0.047349
8
0
0.059232
8
5
0.078027
9
0
0.070564
10
0
0.069278
10
6
0.14682
11
0
0.079535
12
0
0.075888
13
0
0.061191
14
0
0.057426
15
0
0.039025
16
0
0.01911
16
7
22
2
1
0.00491
2
2
0.005768
3
0
0.006477
3
2
0.002772
4
0
0.016677
4
4
0.04247
5
0
0.025834
5
3
0.086298
6
0
0.047057
6
5
0.055019
7
0
0.056471
8
0
0.057452
8
6
0.07755
9
0
0.066131
10
0
0.066943
10
7
0.147322
11
0
0.057583
12
0
0.059336
13
0
0.048187
14
0
0.031143
15
0
0.026177
16
0
0.012423
16
8
23
2
1
0.00404
2
2
0.004923
3
0
0.005661
3
2
0.003693
3
3
0.021746
4
0
0.013896
5
0
0.019015
5
4
0.028217
6
0
0.024635
7
0
0.030179
7
5
0.039863
8
0
0.036485
9
0
0.036212
9
6
0.058671
10
0
0.041369
11
0
0.039651
11
7
0.101099
12
0
0.032648
13
0
0.032076
13
8
0.383785
14
0
0.02281
15
0
0.012321
16
0
0.007005
16
9
24
2
1
0.001732
2
2
0.000953
3
0
0.002401
3
2
0.00441
4
0
0.007004
4
3
0.019631
5
0
0.012548
6
0
0.016997
6
4
0.028628
7
0
0.021663
8
0
0.026837
8
5
0.046785
9
0
0.03132
9
7
0.057993
10
0
0.029093
10
6
0.10401
11
0
0.032549
11
8
0.10091
12
0
0.0268
13
0
0.018376
13
9
0.38335
14
0
0.015294
15
0
0.008172
16
0
0.002544
17
1
14
4
0
1e-06
5
0
3e-06
6
0
5e-06
7
0
1.7e-05
8
0
5e-05
9
0
0.000116
10
0
0.000349
11
0
0.001007
12
0
0.00295
13
0
0.008764
14
0
0.026117
15
0
0.076286
16
0
0.224634
17
0
0.659701
17
2
17
2
1
4.2e-05
3
0
6.9e-05
3
2
0.000188
4
0
0.000213
5
0
0.000474
6
0
0.000773
7
0
0.001742
8
0
0.002668
9
0
0.00579
10
0
0.009065
11
0
0.01928
12
0
0.029177
13
0
0.062021
14
0
0.090557
15
0
0.184437
16
0
0.221671
17
0
0.371833
17
3
19
2
1
0.001384
2
2
0.001453
3
0
0.001966
3
2
0.00117
4
0
0.005082
5
0
0.008099
5
3
0.021658
6
0
0.0146
7
0
0.020571
8
0
0.027456
9
0
0.036906
10
0
0.049663
11
0
0.065884
12
0
0.081909
13
0
0.108442
14
0
0.127889
15
0
0.146794
16
0
0.141156
17
0
0.137918
17
4
20
2
1
0.004352
2
2
0.00527
3
0
0.006157
3
2
0.004043
3
3
0.022789
4
0
0.014952
5
0
0.020998
5
4
0.021418
6
0
0.027291
7
0
0.035196
8
0
0.044488
9
0
0.051408
10
0
0.065102
11
0
0.079506
12
0
0.084367
13
0
0.101593
14
0
0.115201
15
0
0.09453
16
0
0.110503
17
0
0.090836
17
5
21
2
1
0.003166
2
2
0.001875
3
0
0.004491
3
2
0.008539
4
0
0.013385
4
3
0.03748
5
0
0.024156
6
0
0.033601
6
4
0.044356
7
0
0.042989
8
0
0.054141
8
5
0.056343
9
0
0.066268
10
0
0.069579
11
0
0.082222
12
0
0.088631
13
0
0.084329
14
0
0.093004
15
0
0.07949
16
0
0.060526
17
0
0.051429
17
6
22
2
1
0.004802
2
2
0.005438
3
0
0.006568
3
2
0.002758
4
0
0.016592
4
4
0.03737
5
0
0.02558
5
3
0.08441
6
0
0.04662
6
5
0.044437
7
0
0.056669
8
0
0.059824
8
6
0.056222
9
0
0.071669
10
0
0.076301
11
0
0.073154
12
0
0.080059
13
0
0.075503
14
0
0.060976
15
0
0.057441
16
0
0.038746
17
0
0.018861
17
7
23
2
1
0.006192
2
2
0.00755
3
0
0.008595
3
2
0.005661
3
3
0.033457
4
0
0.021576
5
0
0.02926
5
4
0.04246
6
0
0.037775
7
0
0.046921
7
5
0.054862
8
0
0.056475
9
0
0.057703
9
6
0.077755
10
0
0.066579
11
0
0.066591
11
7
0.14674
12
0
0.057222
13
0
0.058918
14
0
0.047953
15
0
0.031074
16
0
0.026247
17
0
0.012434
17
8
24
2
1
0.002809
2
2
0.00167
3
0
0.003916
3
2
0.007216
4
0
0.011732
4
3
0.032674
5
0
0.021075
6
0
0.028135
6
4
0.045943
7
0
0.036435
8
0
0.044708
8
5
0.072351
9
0
0.052706
9
7
0.077526
10
0
0.050439
10
6
0.143374
11
0
0.056313
11
8
0.146713
12
0
0.049711
13
0
0.037474
14
0
0.035012
15
0
0.022719
16
0
0.01228
17
0
0.007069
17
9
25
2
1
0.002523
2
2
0.002965
3
0
0.003479
3
2
0.00141
4
0
0.00867
4
4
0.021827
5
0
0.013483
5
3
0.045209
6
0
0.024349
6
5
0.028422
7
0
0.029664
8
0
0.03017
8
6
0.039526
9
0
0.035141
10
0
0.035253
10
7
0.05831
11
0
0.03119
12
0
0.031874
12
8
0.101773
13
0
0.026714
14
0
0.018284
14
9
0.383815
15
0
0.015414
16
0
0.007885
17
0
0.00265
18
1
13
6
0
3e-06
7
0
7e-06
8
0
1.5e-05
9
0
4.7e-05
10
0
0.000133
11
0
0.000354
12
0
0.001042
13
0
0.003054
14
0
0.008746
15
0
0.026063
16
0
0.076157
17
0
0.224328
18
0
0.660051
18
2
18
2
1
4.2e-05
2
2
6.2e-05
3
0
5.5e-05
4
0
0.000159
5
0
0.000239
6
0
0.000455
7
0
0.000787
8
0
0.00169
9
0
0.002677
10
0
0.005702
11
0
0.008829
12
0
0.019302
13
0
0.029535
14
0
0.062421
15
0
0.090278
16
0
0.184001
17
0
0.222587
18
0
0.371179
18
3
20
2
1
0.001612
2
2
0.00204
3
0
0.002353
3
2
0.001419
3
3
0.008179
4
0
0.00567
5
0
0.008125
6
0
0.011064
7
0
0.014855
8
0
0.020384
9
0
0.027586
10
0
0.036537
11
0
0.049138
12
0
0.066031
13
0
0.081985
14
0
0.108693
15
0
0.128034
16
0
0.146503
17
0
0.141813
18
0
0.137979
18
4
21
2
1
0.002031
2
2
0.001127
3
0
0.002808
3
2
0.005407
4
0
0.008264
4
3
0.023032
5
0
0.015147
6
0
0.020579
6
4
0.02147
7
0
0.027709
8
0
0.034834
9
0
0.045084
10
0
0.051846
11
0
0.064614
12
0
0.079694
13
0
0.083638
14
0
0.101532
15
0
0.115682
16
0
0.094431
17
0
0.110514
18
0
0.090557
18
5
22
2
1
0.003345
2
2
0.003918
3
0
0.004658
3
2
0.00208
4
0
0.011734
4
4
0.022495
5
0
0.018279
5
3
0.057911
6
0
0.033151
6
5
0.021337
7
0
0.042022
8
0
0.046596
9
0
0.056905
10
0
0.066625
11
0
0.069486
12
0
0.082729
13
0
0.088296
14
0
0.084394
15
0
0.092891
16
0
0.079533
17
0
0.060124
18
0
0.051491
18
6
23
2
1
0.006039
2
2
0.007364
3
0
0.008395
3
2
0.005689
3
3
0.032222
4
0
0.020691
5
0
0.028478
5
4
0.037691
6
0
0.036971
7
0
0.046812
7
5
0.044771
8
0
0.056984
9
0
0.059497
9
6
0.055808
10
0
0.071611
11
0
0.076349
12
0
0.07299
13
0
0.079363
14
0
0.075947
15
0
0.061302
16
0
0.057218
17
0
0.038651
18
0
0.019157
18
7
24
2
1
0.00312
2
2
0.001829
3
0
0.004495
3
2
0.008213
4
0
0.01317
4
3
0.036265
5
0
0.023463
6
0
0.031981
6
4
0.048429
7
0
0.041474
8
0
0.05138
8
5
0.06705
9
0
0.061989
9
7
0.056683
10
0
0.061017
10
6
0.116277
11
0
0.070218
12
0
0.068403
13
0
0.057117
14
0
0.059203
15
0
0.048072
16
0
0.031214
17
0
0.026416
18
0
0.012522
18
8
25
2
1
0.003925
2
2
0.004572
3
0
0.005489
3
2
0.002262
4
0
0.013766
4
4
0.033083
5
0
0.021379
5
3
0.070891
6
0
0.038453
6
5
0.042546
7
0
0.047305
8
0
0.04827
8
6
0.054922
9
0
0.056211
10
0
0.058422
10
7
0.077646
11
0
0.05278
12
0
0.056657
12
8
0.147894
13
0
0.049712
14
0
0.037509
15
0
0.0344
16
0
0.022751
17
0
0.012216
18
0
0.006939
18
9
26
2
1
0.00313
2
2
0.003933
3
0
0.004323
3
2
0.002923
3
3
0.017447
4
0
0.010813
5
0
0.015162
5
4
0.021687
6
0
0.019764
7
0
0.024729
7
5
0.028175
8
0
0.029361
9
0
0.030056
9
6
0.040125
10
0
0.034948
11
0
0.035152
11
7
0.05839
12
0
0.031104
13
0
0.032274
13
8
0.101688
14
0
0.02672
15
0
0.018273
15
9
0.383761
16
0
0.015277
17
0
0.008146
18
0
0.002639
18
10
27
2
1
0.001425
2
2
0.000838
3
0
0.002062
3
2
0.003903
4
0
0.00615
4
3
0.017324
5
0
0.011029
6
0
0.015181
6
4
0.024099
7
0
0.019295
8
0
0.023812
8
5
0.037312
9
0
0.028304
9
7
0.039705
10
0
0.02711
10
6
0.074012
11
0
0.030151
11
8
0.057869
12
0
0.027296
13
0
0.021098
13
9
0.100739
14
0
0.019758
15
0
0.013666
15
10
0.383492
16
0
0.007419
17
0
0.005222
18
0
0.001729
19
1
14
6
0
1e-06
7
0
1e-06
8
0
7e-06
9
0
1e-05
10
0
4.3e-05
11
0
9.6e-05
12
0
0.000356
13
0
0.001018
14
0
0.002976
15
0
0.008814
16
0
0.026255
17
0
0.076345
18
0
0.224469
19
0
0.659609
19
2
19
2
1
1.2e-05
3
0
1.6e-05
3
2
5.8e-05
4
0
6.4e-05
5
0
0.000151
6
0
0.000236
7
0
0.000529
8
0
0.000765
9
0
0.001612
10
0
0.00275
11
0
0.005825
12
0
0.009123
13
0
0.019307
14
0
0.029375
15
0
0.062455
16
0
0.090376
17
0
0.183686
18
0
0.221402
19
0
0.372258
19
3
21
2
1
0.000789
2
2
0.000437
3
0
0.001069
3
2
0.002033
4
0
0.003192
4
3
0.008103
5
0
0.005833
6
0
0.008085
7
0
0.011131
8
0
0.014592
9
0
0.020741
10
0
0.027847
11
0
0.036685
12
0
0.049288
13
0
0.066575
14
0
0.082236
15
0
0.108106
16
0
0.127323
17
0
0.146788
18
0
0.14177
19
0
0.137377
19
4
22
2
1
0.001759
2
2
0.001835
3
0
0.0024
3
2
0.001207
4
0
0.006088
4
4
0.008217
5
0
0.009502
5
3
0.028285
6
0
0.017766
7
0
0.022778
8
0
0.027445
9
0
0.035058
10
0
0.045207
11
0
0.051678
12
0
0.064889
13
0
0.07955
14
0
0.083706
15
0
0.101606
16
0
0.11472
17
0
0.094268
18
0
0.111108
19
0
0.090928
19
5
23
2
1
0.004306
2
2
0.00512
3
0
0.005741
3
2
0.003829
3
3
0.022135
4
0
0.014452
5
0
0.020125
5
4
0.022774
6
0
0.025922
7
0
0.033226
7
5
0.021397
8
0
0.04179
9
0
0.046846
10
0
0.05691
11
0
0.066014
12
0
0.069505
13
0
0.083011
14
0
0.088486
15
0
0.08396
16
0
0.093259
17
0
0.079836
18
0
0.060212
19
0
0.051144
19
6
24
2
1
0.002862
2
2
0.001622
3
0
0.003893
3
2
0.007342
4
0
0.011484
4
3
0.032235
5
0
0.020929
6
0
0.028691
6
4
0.037502
7
0
0.037231
8
0
0.046433
8
5
0.044685
9
0
0.056745
10
0
0.059931
10
6
0.056167
11
0
0.071533
12
0
0.076121
13
0
0.072321
14
0
0.080391
15
0
0.075536
16
0
0.061076
17
0
0.057531
18
0
0.038844
19
0
0.018895
19
7
25
2
1
0.004039
2
2
0.004733
3
0
0.005609
3
2
0.002407
4
0
0.014353
4
4
0.032446
5
0
0.02216
5
3
0.071925
6
0
0.039991
6
5
0.037587
7
0
0.049233
8
0
0.051393
8
6
0.04432
9
0
0.061215
10
0
0.066091
10
7
0.055769
11
0
0.06379
12
0
0.07066
13
0
0.068136
14
0
0.057129
15
0
0.059172
16
0
0.048075
17
0
0.0309
18
0
0.026349
19
0
0.012518
19
8
26
2
1
0.005111
2
2
0.006089
3
0
0.006888
3
2
0.004699
3
3
0.027172
4
0
0.017371
5
0
0.024228
5
4
0.032991
6
0
0.030985
7
0
0.03885
7
5
0.0418
8
0
0.046661
9
0
0.048655
9
6
0.05485
10
0
0.057013
11
0
0.058818
11
7
0.078032
12
0
0.053313
13
0
0.056164
13
8
0.146002
14
0
0.050013
15
0
0.037577
16
0
0.034732
17
0
0.022665
18
0
0.012301
19
0
0.00702
19
9
27
2
1
0.002357
2
2
0.001437
3
0
0.003372
3
2
0.006506
4
0
0.010154
4
3
0.028628
5
0
0.017979
6
0
0.024915
6
4
0.038221
7
0
0.031778
8
0
0.039358
8
5
0.057758
9
0
0.047039
9
7
0.055337
10
0
0.045605
10
6
0.110527
11
0
0.052681
11
8
0.077868
12
0
0.048765
13
0
0.039352
13
9
0.146633
14
0
0.038475
15
0
0.030089
16
0
0.019306
17
0
0.01538
18
0
0.007916
19
0
0.002564
19
10
28
2
1
0.002219
2
2
0.002439
3
0
0.002862
3
2
0.001194
4
0
0.007239
4
4
0.01727
5
0
0.011283
5
3
0.037073
6
0
0.020377
6
5
0.021956
7
0
0.024634
8
0
0.025319
8
6
0.028595
9
0
0.030117
10
0
0.030975
10
7
0.040202
11
0
0.028336
12
0
0.030143
12
8
0.058202
13
0
0.027433
14
0
0.020929
14
9
0.101429
15
0
0.019646
16
0
0.013424
16
10
0.382166
17
0
0.007561
18
0
0.005237
19
0
0.00174
19
11
29
2
1
0.00134
2
2
0.001714
3
0
0.001929
3
2
0.00126
3
3
0.007568
4
0
0.004791
5
0
0.006568
5
4
0.00915
6
0
0.008634
7
0
0.010438
7
5
0.01202
8
0
0.0128
9
0
0.013078
9
6
0.016129
10
0
0.015398
11
0
0.015632
11
7
0.023405
12
0
0.014014
13
0
0.014697
13
8
0.042218
14
0
0.012454
15
0
0.009116
15
9
0.08215
16
0
0.008032
16
11
0.382941
17
0
0.005092
17
10
0.264258
18
0
0.002201
19
0
0.000973
20
1
13
8
0
3e-06
9
0
5e-06
10
0
1.4e-05
11
0
4.2e-05
12
0
0.000126
13
0
0.000336
14
0
0.00101
15
0
0.003044
16
0
0.008911
17
0
0.025941
18
0
0.076556
19
0
0.224285
20
0
0.659727
20
2
20
2
1
1.7e-05
2
2
2.2e-05
3
0
1.8e-05
4
0
4e-05
5
0
6.4e-05
6
0
0.000123
7
0
0.000215
8
0
0.000487
9
0
0.000756
10
0
0.001726
11
0
0.002607
12
0
0.005699
13
0
0.008905
14
0
0.01932
15
0
0.029411
16
0
0.063276
17
0
0.090218
18
0
0.184656
19
0
0.221802
20
0
0.370638
20
3
22
2
1
0.000561
2
2
0.000537
3
0
0.000762
3
2
0.000433
4
0
0.001928
5
0
0.003157
5
3
0.008297
6
0
0.005791
7
0
0.008049
8
0
0.010972
9
0
0.014911
10
0
0.020416
11
0
0.027932
12
0
0.036568
13
0
0.049331
14
0
0.065818
15
0
0.082111
16
0
0.108985
17
0
0.127422
18
0
0.146458
19
0
0.141157
20
0
0.138404
20
4
23
2
1
0.002118
2
2
0.002564
3
0
0.002962
3
2
0.00197
3
3
0.010904
4
0
0.007401
5
0
0.01005
5
4
0.008226
6
0
0.01325
7
0
0.017591
8
0
0.02254
9
0
0.027456
10
0
0.034931
11
0
0.044725
12
0
0.051385
13
0
0.065156
14
0
0.078954
15
0
0.08399
16
0
0.101902
17
0
0.115998
18
0
0.094543
19
0
0.11029
20
0
0.091094
20
5
24
2
1
0.002024
2
2
0.001139
3
0
0.002789
3
2
0.005035
4
0
0.007792
4
3
0.02203
5
0
0.014399
6
0
0.019986
6
4
0.022825
7
0
0.026233
8
0
0.03331
8
5
0.021459
9
0
0.041627
10
0
0.046337
11
0
0.057188
12
0
0.066432
13
0
0.070116
14
0
0.082736
15
0
0.088627
16
0
0.084404
17
0
0.093384
18
0
0.079651
19
0
0.059571
20
0
0.050906
20
6
25
2
1
0.003197
2
2
0.003634
3
0
0.004143
3
2
0.001934
4
0
0.011039
4
4
0.022137
5
0
0.017136
5
3
0.05471
6
0
0.030972
6
5
0.0229
7
0
0.038911
8
0
0.042722
8
6
0.021405
9
0
0.051587
10
0
0.059412
11
0
0.061409
12
0
0.071526
13
0
0.076315
14
0
0.072821
15
0
0.080104
16
0
0.076257
17
0
0.060889
18
0
0.056936
19
0
0.039121
20
0
0.018783
20
7
26
2
1
0.005113
2
2
0.006283
3
0
0.0072
3
2
0.0048
3
3
0.027574
4
0
0.017861
5
0
0.024516
5
4
0.032099
6
0
0.03174
7
0
0.039536
7
5
0.037713
8
0
0.048969
9
0
0.051863
9
6
0.044501
10
0
0.06137
11
0
0.065979
11
7
0.055784
12
0
0.063376
13
0
0.070607
14
0
0.068319
15
0
0.057586
16
0
0.059402
17
0
0.04804
18
0
0.030959
19
0
0.026339
20
0
0.012471
20
8
27
2
1
0.002866
2
2
0.001641
3
0
0.003851
3
2
0.007237
4
0
0.011535
4
3
0.032461
5
0
0.02058
6
0
0.028161
6
4
0.041848
7
0
0.036381
8
0
0.045176
8
5
0.057854
9
0
0.054709
9
7
0.044797
10
0
0.055142
10
6
0.098074
11
0
0.063627
11
8
0.055976
12
0
0.062679
13
0
0.054795
14
0
0.057411
15
0
0.049397
16
0
0.037772
17
0
0.034174
18
0
0.022546
19
0
0.012187
20
0
0.007123
20
9
28
2
1
0.003407
2
2
0.003882
3
0
0.00458
3
2
0.001932
4
0
0.011619
4
4
0.026837
5
0
0.017762
5
3
0.05953
6
0
0.032284
6
5
0.033439
7
0
0.039696
8
0
0.041028
8
6
0.042216
9
0
0.049028
10
0
0.051168
10
7
0.054945
11
0
0.047898
12
0
0.052342
12
8
0.078255
13
0
0.048669
14
0
0.039064
14
9
0.146722
15
0
0.038638
16
0
0.029712
17
0
0.019438
18
0
0.015358
19
0
0.007942
20
0
0.002609
20
10
29
2
1
0.002778
2
2
0.003201
3
0
0.003538
3
2
0.002428
3
3
0.014211
4
0
0.008873
5
0
0.012606
5
4
0.017528
6
0
0.015968
7
0
0.020183
7
5
0.021885
8
0
0.024591
9
0
0.025697
9
6
0.028768
10
0
0.030268
11
0
0.031139
11
7
0.040103
12
0
0.02817
13
0
0.030498
13
8
0.058294
14
0
0.026916
15
0
0.020734
15
9
0.101042
16
0
0.019756
17
0
0.013687
17
10
0.382639
18
0
0.007662
19
0
0.005153
20
0
0.001684
20
11
30
2
1
0.001334
2
2
0.000758
3
0
0.00191
3
2
0.003412
4
0
0.005258
4
3
0.015095
5
0
0.009794
6
0
0.013278
6
4
0.020458
7
0
0.016926
8
0
0.021239
8
5
0.029935
9
0
0.025222
9
7
0.028667
10
0
0.024568
10
6
0.056692
11
0
0.028055
11
8
0.039912
12
0
0.02612
13
0
0.021667
13
9
0.058165
14
0
0.021604
15
0
0.016699
15
10
0.101506
16
0
0.011284
17
0
0.009568
17
11
0.382311
18
0
0.005284
19
0
0.002302
20
0
0.000977
